1 0 0 -5 0.102614633333333 -1 -1 0 0 0 0 0 0 0
1 0 1 0 -0.0143713666666667 1 1 0 0 0 0 0 0 0
1 1 0 5 -0.157146366666667 1 1 0 0 0 0 0 0 0
1 1 0 0 -0.154338366666667 1 1 0 0 0 0 0 0 0
1 0 0 1 -0.166465366666667 1 1 0 0 0 0 0 0 0
1 1 0 -4 -0.0139973666666666 -1 -1 0 0 0 0 0 0 0
1 0 1 -5 0.0512356333333333 -1 1 0 0 0 0 0 0 0
1 1 0 4 0.0343336333333333 -1 1 0 0 0 0 0 0 0
1 0 0 5 -0.159643366666667 1 1 0 0 0 0 0 0 0
1 0 1 -2 -0.00408336666666664 -1 1 0 0 0 0 0 0 0
1 1 0 9 0.100861633333333 -1 -1 0 0 0 0 0 0 0
1 0 1 -1 -0.0806203666666667 1 1 0 0 0 0 0 0 0
1 0 1 7 0.185257633333333 -1 1 0 0 0 0 0 0 0
1 1 0 -9 0.109984633333333 -1 1 0 0 0 0 0 0 0
1 0 0 -6 -0.0240163666666666 1 -1 0 0 0 0 0 0 0
1 0 1 3 -0.0441803666666667 1 1 0 0 0 0 0 0 0
1 0 1 9 0.177310633333333 -1 1 0 0 0 0 0 0 0
1 1 0 -2 -0.0843083666666666 1 1 0 0 0 0 0 0 0
1 0 1 3 -0.0437023666666667 1 1 0 0 0 0 0 0 0
1 0 1 2 -0.0126753666666666 -1 1 0 0 0 0 0 0 0
1 0 1 -5 -0.0523883666666667 1 1 0 0 0 0 0 0 0
1 1 0 -8 -0.124641366666667 1 -1 0 0 0 0 0 0 0
1 0 0 -7 -0.000685366666666631 -1 -1 0 0 0 0 0 0 0
1 1 0 4 0.191757633333333 -1 1 0 0 0 0 0 0 0
1 0 0 -2 -0.0714643666666666 1 1 0 0 0 0 0 0 0
1 0 0 -3 -0.110228366666667 -1 1 0 0 0 0 0 0 0
1 0 0 5 0.0784026333333334 -1 -1 0 0 0 0 0 0 0
1 0 0 7 0.137606633333333 -1 1 0 0 0 0 0 0 0
1 1 0 2 0.0687346333333334 1 1 0 0 0 0 0 0 0
1 0 0 -7 0.0808566333333334 1 -1 0 0 0 0 0 0 0
0 0 0 0 0 0 0 1 0 0 -5 0.102614633333333 -1 -1
0 0 0 0 0 0 0 1 0 1 0 -0.0143713666666667 1 1
0 0 0 0 0 0 0 1 1 0 5 -0.157146366666667 1 1
0 0 0 0 0 0 0 1 1 0 0 -0.154338366666667 1 1
0 0 0 0 0 0 0 1 0 0 1 -0.166465366666667 1 1
0 0 0 0 0 0 0 1 1 0 -4 -0.0139973666666666 -1 -1
0 0 0 0 0 0 0 1 0 1 -5 0.0512356333333333 -1 1
0 0 0 0 0 0 0 1 1 0 4 0.0343336333333333 -1 1
0 0 0 0 0 0 0 1 0 0 5 -0.159643366666667 1 1
0 0 0 0 0 0 0 1 0 1 -2 -0.00408336666666664 -1 1
0 0 0 0 0 0 0 1 1 0 9 0.100861633333333 -1 -1
0 0 0 0 0 0 0 1 0 1 -1 -0.0806203666666667 1 1
0 0 0 0 0 0 0 1 0 1 7 0.185257633333333 -1 1
0 0 0 0 0 0 0 1 1 0 -9 0.109984633333333 -1 1
0 0 0 0 0 0 0 1 0 0 -6 -0.0240163666666666 1 -1
0 0 0 0 0 0 0 1 0 1 3 -0.0441803666666667 1 1
0 0 0 0 0 0 0 1 0 1 9 0.177310633333333 -1 1
0 0 0 0 0 0 0 1 1 0 -2 -0.0843083666666666 1 1
0 0 0 0 0 0 0 1 0 1 3 -0.0437023666666667 1 1
0 0 0 0 0 0 0 1 0 1 2 -0.0126753666666666 -1 1
0 0 0 0 0 0 0 1 0 1 -5 -0.0523883666666667 1 1
0 0 0 0 0 0 0 1 1 0 -8 -0.124641366666667 1 -1
0 0 0 0 0 0 0 1 0 0 -7 -0.000685366666666631 -1 -1
0 0 0 0 0 0 0 1 1 0 4 0.191757633333333 -1 1
0 0 0 0 0 0 0 1 0 0 -2 -0.0714643666666666 1 1
0 0 0 0 0 0 0 1 0 0 -3 -0.110228366666667 -1 1
0 0 0 0 0 0 0 1 0 0 5 0.0784026333333334 -1 -1
0 0 0 0 0 0 0 1 0 0 7 0.137606633333333 -1 1
0 0 0 0 0 0 0 1 1 0 2 0.0687346333333334 1 1
0 0 0 0 0 0 0 1 0 0 -7 0.0808566333333334 1 -1
